1.327163e+01 1.119471e+01 6.560096e+00 3.867788e+00 4.771635e+00 2.329327e+00 -5.937500e-01 -1.112981e+00 -5.112981e+00 -7.036058e+00 -5.939904e+00 -3.228365e+00 -5.593750e+00 -6.112981e+00 -4.766827e+00 -2.497596e+00 
-2.481924e-02 1.665044e-01 2.510428e-01 6.326474e-03 -5.485261e-02 1.442575e-01 1.386958e-01 -7.932425e-02 -1.393910e-01 1.188821e-02 -5.151557e-02 -5.707731e-02 9.663515e-03 -4.706618e-02 -2.150306e-01 -5.930200e-02 
-2.921543e+00 -2.194149e-01 3.823138e+00 6.929521e+00 -8.364362e-01 3.418883e+00 6.993351e+00 4.759309e+00 7.167553e-01 4.099734e+00 1.312500e+00 -4.666223e+00 -9.002660e-01 -2.602394e+00 -8.793883e+00 -1.111303e+01 
-1.820089e+01 -8.558036e+00 3.191964e+00 2.087054e+01 -1.991518e+01 -1.216518e+01 2.084821e+00 2.237054e+01 -1.920089e+01 -1.052232e+01 5.227679e+00 2.479911e+01 -1.837946e+01 -8.129464e+00 8.334821e+00 2.819196e+01 
-5.917339e+00 -1.004637e+01 -1.475605e+01 -1.653024e+01 -1.108871e-01 -1.981855e+00 -6.594758e+00 -1.088508e+01 3.889113e+00 7.469758e+00 5.856855e+00 1.147177e+00 9.856855e+00 1.421169e+01 1.398589e+01 1.040524e+01 
2.181855e+01 2.039919e+01 1.775403e+01 1.120565e+01 1.588306e+01 1.101210e+01 7.141129e+00 1.850806e+00 3.495968e+00 -4.729839e+00 -1.066532e+01 -1.250403e+01 -1.282661e+01 -1.802016e+01 -2.495565e+01 -2.685887e+01 
-3.409722e+01 -3.387500e+01 -3.320833e+01 -3.031944e+01 -1.698611e+01 -2.231944e+01 -2.076389e+01 -8.763889e+00 1.168056e+01 7.791667e+00 1.579167e+01 2.579167e+01 2.790278e+01 2.856944e+01 3.879167e+01 4.401389e+01 
-1.591346e+00 -6.682692e-01 3.100962e+00 6.562500e+00 -9.514423e+00 -1.389904e+01 -1.289904e+01 -6.360577e+00 4.870192e+00 -6.129808e+00 -1.151442e+01 -1.189904e+01 2.356250e+01 1.987019e+01 1.371635e+01 2.793269e+00 
-1.201968e+01 -2.686343e+00 5.054398e+00 8.295139e+00 -1.039005e+01 -1.112269e+00 4.554398e+00 7.684028e+00 -9.612269e+00 -3.715278e-01 3.535880e+00 7.721065e+00 -1.005671e+01 -2.204861e+00 3.369213e+00 8.239583e+00 
-3.230911e+00 -1.166872e+00 2.222906e-01 1.882389e+00 -3.467365e+00 -1.206281e+00 1.384852e+00 3.468596e+00 -3.255542e+00 -1.644704e+00 1.828202e+00 3.764163e+00 -3.073276e+00 -1.028941e+00 2.044951e+00 3.478448e+00 
1.220833e+01 -3.458333e+00 -2.745833e+01 -4.379167e+01 2.887500e+01 1.404167e+01 -1.912500e+01 -4.395833e+01 3.337500e+01 3.104167e+01 -1.291667e+00 -3.412500e+01 4.004167e+01 3.454167e+01 5.541667e+00 -2.645833e+01 
-1.786458e+01 -2.203125e+01 -1.903125e+01 -1.269792e+01 1.396875e+01 1.196875e+01 1.530208e+01 1.713542e+01 2.196875e+01 1.780208e+01 1.830208e+01 2.080208e+01 -9.697917e+00 -1.903125e+01 -2.336458e+01 -1.353125e+01 
-8.236111e+00 -8.439815e+00 -7.754630e+00 -3.421296e+00 -9.032407e+00 -8.013889e+00 -2.625000e+00 4.837963e+00 -5.569444e+00 -3.240741e-02 7.226852e+00 1.144907e+01 7.870370e-02 6.319444e+00 1.115278e+01 1.206019e+01 
-1.739583e+00 -3.872917e+00 -5.006250e+00 -4.872917e+00 3.381944e-01 -1.606250e+00 -3.284028e+00 -4.417361e+00 3.160417e+00 1.515972e+00 -8.402778e-02 -6.618056e-01 6.204861e+00 5.815972e+00 4.738194e+00 3.771528e+00 
-2.696591e+01 -1.696591e+01 2.613636e-01 4.170455e+00 -1.669318e+01 -2.738636e+00 6.988636e+00 5.534091e+00 2.159091e-01 6.034091e+00 5.715909e+00 7.261364e+00 6.670455e+00 5.125000e+00 4.534091e+00 1.085227e+01 
7.136667e+00 4.483333e+00 -7.566667e-01 -6.810000e+00 7.670000e+00 4.536667e+00 -3.433333e-01 -6.463333e+00 6.843333e+00 3.043333e+00 -2.703333e+00 -8.276667e+00 4.856667e+00 4.566667e-01 -4.823333e+00 -8.850000e+00 
